N,rv,rg,Z,ccflag,tcount,TotalTime
16.0,4.0,2.0,0.002,0,647696,13999.999
4.0,1.0,2.0,0.02,1,180445,7059.7793
4.0,1.0,20.0,0.02,1,236485,9839.642
8.0,4.0,2.0,0.0002,0,253770,6073.387
4.0,4.0,8.0,0.002,0,252841,14000.05
2.0,4.0,8.0,0.002,1,142689,10994.891
16.0,2.0,8.0,0.002,0,1074446,14000.043
4.0,1.0,2.0,0.0002,1,301385,5334.5117
16.0,2.0,20.0,0.0002,0,1057738,14000.012
16.0,2.0,2.0,0.0002,0,1096997,14000.017
16.0,1.0,2.0,0.02,0,1100888,14000.019
8.0,4.0,8.0,0.02,0,234708,14000.074
32.0,1.0,20.0,0.0002,0,1539798,3129.4993
2.0,0.5,20.0,0.0002,1,375903,422.48956
8.0,1.0,20.0,0.02,0,515987,14000.018
2.0,4.0,8.0,0.02,0,59773,14000.254
8.0,4.0,2.0,0.002,0,295097,7379.3223
16.0,1.0,8.0,0.002,0,1513655,13999.999
16.0,0.5,8.0,0.02,1,1314849,11089.34
8.0,4.0,8.0,0.0002,0,401437,14000.048
2.0,4.0,2.0,0.0002,0,69336,944.097
2.0,2.0,8.0,0.0002,1,149623,6024.8735
8.0,2.0,2.0,0.0002,0,618896,14000.026
4.0,2.0,2.0,0.02,1,170669,13622.005
16.0,1.0,8.0,0.02,0,1005534,14000.085
16.0,1.0,2.0,0.002,0,1123724,5409.3667
16.0,4.0,2.0,0.0002,0,700360,14000.027
4.0,0.5,20.0,0.0002,1,627694,2092.285
8.0,4.0,20.0,0.02,0,231320,14000.128
8.0,1.0,20.0,0.002,0,748823,14000.071
2.0,1.0,2.0,0.0002,1,157315,2876.8394
4.0,4.0,20.0,0.0002,0,252665,13999.987
4.0,4.0,20.0,0.02,0,110640,14000.217
2.0,0.5,2.0,0.002,1,201760,746.5229
16.0,4.0,20.0,0.0002,0,652959,14000.0
4.0,0.5,8.0,0.02,1,157755,2378.6687
8.0,0.5,20.0,0.002,1,780215,11104.229
4.0,4.0,2.0,0.02,0,98834,8732.033
16.0,2.0,8.0,0.0002,0,1053627,14000.032
4.0,1.0,2.0,0.002,1,315843,6958.505
16.0,2.0,2.0,0.002,0,1076568,14000.057
2.0,1.0,8.0,0.0002,1,184337,1722.0665
8.0,2.0,20.0,0.02,0,364042,14000.128
2.0,2.0,20.0,0.0002,1,161122,4881.429
4.0,2.0,2.0,0.0002,1,303930,8947.44
2.0,2.0,2.0,0.0002,1,185961,1893.6519
4.0,0.5,8.0,0.002,1,365417,3268.4646
8.0,1.0,20.0,0.0002,0,738658,14000.05
16.0,2.0,2.0,0.02,0,822618,14000.035
2.0,2.0,2.0,0.02,1,79336,7461.514
32.0,1.0,20.0,0.02,0,1643106,5644.2207
2.0,1.0,2.0,0.002,1,122142,3131.4233
2.0,4.0,20.0,0.02,0,62850,14000.69
2.0,2.0,2.0,0.002,1,130865,3028.5496
4.0,2.0,8.0,0.0002,1,310745,12792.79
16.0,0.5,8.0,0.0002,0,25795,3.3106833
16.0,0.5,20.0,0.02,1,1225912,11113.764
8.0,2.0,20.0,0.0002,0,607542,14000.086
4.0,2.0,20.0,0.0002,1,297838,13373.229
2.0,4.0,20.0,0.0002,1,162778,13740.727
8.0,1.0,2.0,0.02,1,462036,12275.799
2.0,4.0,2.0,0.002,0,79370,1200.8473
4.0,0.5,20.0,0.002,1,475411,3256.2832
4.0,0.5,2.0,0.0002,1,1153914,369.48035
8.0,2.0,2.0,0.02,0,399375,14000.251
8.0,1.0,8.0,0.02,1,499310,13442.145
8.0,4.0,8.0,0.002,0,415645,14000.04
8.0,4.0,2.0,0.02,0,255371,14000.097
4.0,2.0,20.0,0.002,0,288628,14000.123
2.0,0.5,20.0,0.002,1,232657,951.61725
8.0,2.0,8.0,0.02,0,404854,14000.052
16.0,4.0,2.0,0.02,0,439027,14000.0
4.0,0.5,20.0,0.02,1,246336,5154.2705
16.0,0.5,20.0,0.0002,0,13906,2.9496367
2.0,0.5,20.0,0.02,1,117018,2182.2415
16.0,4.0,20.0,0.02,0,436379,13999.99
8.0,1.0,2.0,0.002,0,678479,14000.122
8.0,0.5,2.0,0.02,1,492397,6221.701
8.0,0.5,8.0,0.0002,1,862733,7374.461
8.0,1.0,8.0,0.0002,0,733639,14000.043
8.0,4.0,20.0,0.0002,0,387494,14000.085
2.0,4.0,8.0,0.0002,1,185911,9726.512
2.0,4.0,20.0,0.002,1,147641,13118.217
4.0,4.0,2.0,0.0002,0,136994,2477.2698
4.0,4.0,20.0,0.002,0,258461,14000.003
2.0,1.0,20.0,0.002,1,129725,1556.0996
2.0,0.5,8.0,0.0002,1,588515,67.43501
4.0,1.0,20.0,0.0002,1,522072,4951.675
16.0,2.0,8.0,0.02,0,812709,14000.012
4.0,4.0,2.0,0.002,0,132380,3014.7761
8.0,0.5,2.0,0.0002,1,847941,7233.694
8.0,2.0,8.0,0.002,0,571395,14000.022
8.0,2.0,20.0,0.002,0,588586,14000.035
2.0,2.0,20.0,0.002,1,136329,4526.2983
16.0,0.5,2.0,0.02,1,1395462,9874.779
8.0,4.0,20.0,0.002,0,391112,14000.079
8.0,0.5,2.0,0.002,1,741575,8844.392
2.0,0.5,8.0,0.002,1,174079,1373.0884
8.0,2.0,2.0,0.002,0,582381,14000.24
8.0,0.5,20.0,0.02,1,611538,7885.1064
16.0,2.0,20.0,0.002,0,1066309,14000.021
16.0,0.5,8.0,0.002,0,1703244,14000.032
4.0,0.5,8.0,0.0002,1,899204,942.3307
2.0,1.0,20.0,0.0002,1,154456,2286.4568
4.0,2.0,8.0,0.02,0,192091,14000.389
16.0,1.0,2.0,0.0002,0,1493527,14000.124
4.0,1.0,8.0,0.02,1,207944,8291.821
2.0,1.0,20.0,0.02,1,82151,4200.316
4.0,4.0,8.0,0.0002,0,263761,14000.007
4.0,0.5,2.0,0.02,1,204793,3508.9492
2.0,1.0,8.0,0.002,1,124804,1830.3324
2.0,2.0,8.0,0.02,1,79890,11986.158
16.0,4.0,8.0,0.002,0,707753,14000.013
2.0,2.0,20.0,0.02,1,80980,11462.2295
8.0,2.0,8.0,0.0002,0,598555,14000.087
4.0,2.0,20.0,0.02,0,181714,14000.004
2.0,4.0,2.0,0.02,0,20945,3127.3699
4.0,2.0,8.0,0.002,0,313264,14000.43
4.0,1.0,8.0,0.002,1,291831,7725.391
2.0,0.5,2.0,0.02,1,1244222,1625.9573
32.0,2.0,20.0,0.0002,0,1551870,8350.813
8.0,1.0,2.0,0.0002,1,701781,13391.176
16.0,1.0,8.0,0.0002,0,1509746,14000.002
4.0,1.0,8.0,0.0002,1,339714,6520.405
2.0,2.0,8.0,0.002,1,144094,4916.5693
8.0,0.5,20.0,0.0002,1,861016,8501.139
4.0,0.5,2.0,0.002,1,357744,3875.2837
16.0,0.5,2.0,0.002,0,1695128,14000.032
32.0,2.0,20.0,0.02,0,1586610,14000.075
16.0,1.0,20.0,0.02,0,1063538,14000.1
4.0,4.0,8.0,0.02,0,133060,13999.988
2.0,1.0,2.0,0.02,1,69382,3738.488
16.0,0.5,2.0,0.0002,0,8267,2.485142
8.0,0.5,8.0,0.02,1,524778,7376.2935
16.0,0.5,20.0,0.002,0,1826916,14000.017
2.0,1.0,8.0,0.02,1,85278,5221.358
2.0,0.5,8.0,0.02,1,6470070,2952.6436
16.0,4.0,8.0,0.02,0,414250,13999.989
16.0,4.0,8.0,0.0002,0,629993,14000.011
4.0,2.0,2.0,0.002,1,309009,9591.876
2.0,0.5,2.0,0.0002,1,315531,299.78033
16.0,1.0,20.0,0.0002,0,1508354,14000.005
4.0,1.0,20.0,0.002,1,303335,7480.621
16.0,2.0,20.0,0.02,0,853052,14000.014
16.0,4.0,20.0,0.002,0,610661,14000.011
8.0,0.5,8.0,0.002,1,763763,10514.459
16.0,1.0,20.0,0.002,0,1511685,13999.976
8.0,1.0,8.0,0.002,0,722078,14000.246
